29.989547750123023
28.906106198674113
27.659107692501482
26.72247194233932
25.93449098773007
25.223778046862268
24.596314055369497
24.27052867116858
24.533505658584907
25.014621742940385
25.316789940338424
25.91948777282582
26.71341761606396
27.566449406587413
28.350929686007476
28.975574872406202
29.35781707911272
29.456162507019414
29.35506339642946
29.35366496739245
29.402685871487908
29.457599183742087
28.9258703381948
28.18179421896718
27.304919595409686
27.04406651268147
26.38051524961182
25.64501382744211
24.985697888620283
24.375271903790647
23.830579127994834
23.573433591470287
23.803993882091692
24.227324649478913
24.511481137747516
25.110007032328152
25.904928182620775
26.75875330663135
27.544554954428722
28.17086187732269
28.554974182636204
28.655306114028267
28.55626088019469
28.55695880094296
28.60809813771574
28.665135641265728
28.246804286377046
27.605209917669274
26.811666732834723
26.576747849214374
25.962007534746242
25.26898014147078
24.645667030231195
24.066872112808383
23.54991690182314
23.316488770211187
23.535010577198346
23.93735414070209
24.214890211553293
24.81201595845756
25.607181686509705
26.4612512772851
27.247513736050305
27.874419056525063
28.259213268349153
28.360273666310587
28.261983674432745
28.26345348436624
28.315373324206718
28.373193652689032
27.99413868265148
27.39395912649387
26.626653013050458
26.4017530241594
25.805426296188603
25.128274699102874
24.518375268165563
23.951360999893087
23.444735023034834
23.220130571340835
23.434204402212497
23.82877223007779
24.103858278082367
24.700488347979032
25.495734722329708
26.349896242736442
27.136331434722965
27.763460859230126
28.148510349020373
28.24984340352943
28.151836065251974
28.153594749955154
28.20580668762264
28.263919986467002
27.89918534796051
27.315128946272022
26.556848011451734
26.335837532592254
25.746508397168828
25.075334341686375
24.470474064596687
23.907884036205
23.405136959947804
23.183844824433685
23.39625316365382
23.78790646766272
24.062074558942253
24.658564771072957
25.45386846331999
26.308072086099475
27.094576631020498
27.72179291245088
28.10693991973835
28.208376395699144
28.11047585640899
28.11234344392684
28.16466534851794
28.222888848117087
27.863475854936564
27.285668190891744
