tE
[21.31, 20.18, 19.27, 18.53, 17.97, 17.62, 17.66, 19.07, 21.41, 23.94, 26.23, 28.08, 29.48, 30.47, 31.1, 31.45, 31.54, 31.3, 30.6, 29.42, 27.86, 26.09, 24.31, 22.69, 21.31]
scheduleFeLueftung
[0, 0, 0, 0, 0, 0, 1, 1, 1, 1, 1, 1, 1, 1, 1, 1, 1, 1, 1, 1, 1, 1, 1, 0, 0]
scheduleFeSonnenschutz
[0, 0, 0, 0, 0, 0, 0, 0, 0, 0, 0, 0, 0, 0, 0, 0, 0, 0, 0, 0, 0, 0, 0, 0, 0]
pGeraetehBF
[1.76, 1.67, 1.8, 1.8, 2.61, 5.76, 5.09, 8.06, 6.84, 6.3, 5.67, 4.1, 3.47, 3.33, 5.36, 6.3, 7.7, 6.71, 6.26, 5.36, 4.32, 3.11, 2.7, 1.98, 1.76]
pPersonenhBF
[3.76, 3.76, 3.76, 3.76, 3.76, 3.76, 3.76, 0.94, 0.94, 0.94, 0.94, 0.94, 0.94, 2.82, 2.82, 2.82, 2.82, 3.76, 3.76, 3.76, 3.76, 3.76, 3.76, 3.76, 3.76]
vLueftunghNatBF
[1.411, 1.411, 1.411, 1.411, 1.411, 1.411, 1.411, 1.411, 0.353, 0.353, 0.353, 0.353, 0.353, 0.353, 1.058, 1.058, 1.058, 1.058, 1.411, 1.411, 1.411, 1.411, 1.411, 1.411, 1.411]
vLueftunghMechBF
[1.411, 1.411, 1.411, 1.411, 1.411, 1.411, 1.411, 1.411, 1.411, 1.411, 1.411, 1.411, 1.411, 1.411, 1.411, 1.411, 1.411, 1.411, 1.411, 1.411, 1.411, 1.411, 1.411, 1.411, 1.411]