-0.0
0.011387961063720337
0.02275285844027476
0.033968619768874414
0.04503845527237123
0.055965228234164104
0.06675173746248372
0.07740071821370645
0.0879148436904562
0.09829672650341442
0.10854892009778963
0.11867392014460035
0.12867416590201514
0.13855204154114759
0.14830987744234064
0.15794995146056814
0.16747449016042404
0.17688567002101557
0.18618561861410682
0.19537641575242848
0.2044600946122188
0.21343864282852068
0.22231400356442582
0.23108807655383917
0.23976271912267139
0.24833974718262947
0.25682093620274427
0.2652080221581053
0.27350270245517483
0.2817066368365266
0.2898214482625706
0.2978487237729358
0.3057900153287865
0.31364684063339365
0.3214206839334922
0.3291129968025148
0.3367251989043947
0.34425867873993987
0.3517147943748312
0.35909487415109886
0.3664002173814491
0.9007239740607134
0.9177611608933374
0.9346617898215334
0.951427046711107
0.968058546131179
0.9845578723349894
1.000926580853041
1.0171661991280265
1.0332782271286707
1.0492641379586547
1.065125378443394
1.0808633697069978
1.0964795077379086
1.1119751639359103
1.1273516856487582
1.1426103966995318
1.1577525978977792
1.1727795675378005
1.187692561891058
1.2024928156789954
1.217181542544379
1.2317599355035473
1.246229167392168
1.2605903912997096
1.2748447409931496
1.2889933313326476
1.303037258676414
1.3169776012767125
1.3308154196649802
1.3445517570292465
1.3581876395864907
1.3717240769374544
1.3851620624221868
1.3985025734630934
1.4117465719002116
1.4248950043206912
1.4379488023765754
1.4509088831019028
1.4637761492144479
1.4765514894171416
1.4892357786897583
1.5018298785748025
1.5143346374530415
1.5267508908210599
1.539079461552669
1.5513211601610528
1.5634767850514508
1.575547122771743
1.5875329482538296
1.599435025048891
1.6112541055612786
1.62299093127197
1.6346462329639597
1.6462207309352186
1.6577151352091637
1.6691301457425622
1.6804664526275506
1.6917247362871033
1.7029056676696381
1.7140099084347338
1.7250381111378357
1.7359909194120142
1.7468689681404146
1.757672883630459
1.7684032837803327
1.7790607782435097
1.7896459685888186
1.8001594484576695
1.8106018037156169
1.8209736126054645
1.8312754458888103
1.8415078669940987
1.8516714321532541
1.8617666905389472
1.8717941843986863
1.8817544491860294
1.89164801368681
1.9014754001459158
1.911237124386917
1.9209336959356293
1.9305656181311535
1.940133388245298
1.9496374975913593
1.9590784316336127
1.9684566700943784
1.9777726870590984
1.9870269510766112
1.9962199252608714
2.0053520673869603
2.014423829987726
2.023435660447198
2.0323880010907756
2.041281289275984
2.050115957477512
2.0588924333763905
2.0676111399398343
2.0762724955056213
2.0848769138611187
2.093424804320679
2.1019165718051678
2.1103526169121287
2.1187333359941505
2.127059121227194
2.135330360682672
2.143547438393387
2.1517107344239426
2.159820624936286
2.1678774822506375
2.17588167491175
2.183833567751102
2.191733521943466
2.199581895069695
2.2073790411717487
2.21512531081131
2.2228210511256035
2.230466605878579
2.2380623155162462
2.2456085172191207
2.2531055449513575
2.260553729512517
2.2679533985834954
2.2753048767781126
2.2826084856872386
2.289864543923573
2.2970733671708095
2.304235268223654
2.311350557031865
2.3184195407421715
2.32544252374242
2.3324198076976717
2.339351691592299
2.346238471769566
2.3530804419671267
2.3598778933562206
2.366631114576898
2.3733403917761065
2.3800060086403905
2.386628246430952
2.3932073840174803
2.3997436979123483
2.4062374623002474
2.4126889490729746
2.419098427857464
2.4254661660489862
2.4317924288398887
2.438077479249304
2.444321578150641
2.450524984301845
2.4566879543716436
2.4628107429668957
2.4688936026588806
2.474936784009743
2.4809405355988625
2.486905104046488
2.492830734039654
2.4987176683558787
2.5045661478858476
2.510376411657794
2.5161486968612596
2.5218832388681274
2.5275802712538677
2.5332400258206773
2.5388627326175204
2.5444486199641085
2.549997914465802
2.555510841038273
2.5609876229247748
2.5664284817168808
2.5718336373731168
2.577203308236723
2.5825377110546066
2.5878370609959247
2.59310157166892
2.598331455137725
2.603526921942349
2.608688181110753
2.61381544018024
2.6189089052103167
2.62396878079954
2.6289952701023873
2.633988574842426
2.638948895327993
2.643876430468267
2.648771377787619
2.653633933439283
2.6584642922190005
2.663262647580499
2.6680291916483956
2.6727641152313253
2.677467607834639
2.6821398576760673
2.686781051694806
2.691391375566114
2.695971013713994
2.7005201493232547
2.705038964350296
2.7095276395372547
2.7139863544204643
2.7184152873455765
2.722814615474748
2.727184514800639
2.73152516015678
2.7358367252285385
2.7401193825618995
2.7443733035772686
2.7485986585753532
2.7527956167521865
2.7569643462057143
2.761105013945407
2.7652177859053726
2.7693028269490503
2.7733603008837617
2.7773903704655476
2.781393197410309
2.7853689424043724
2.7893177651094954
2.793239824174091
2.79713527724416
2.801004280966335
2.8048469910003284
2.808663562026301
2.812454147752895
2.816218900924368
2.819957973331079
2.823671515813052
2.8273596782724284
2.831022609678361
2.834660458075608
2.838273370590751
2.8418614934406827
2.8454249719406643
2.84896395050815
2.8524785726736748
2.8559689810854785
2.8594353175168767
2.8628777228747877
2.866296337203722
2.869691299693087
2.8730627486866442
2.8764108216848485
2.879735655353337
2.88303738552906
2.886316147225923
2.8895720746427056
2.8928053011667503
2.8960159593815926
2.899204181073479
2.9023700972351856
2.905513838073565
2.908635533012888
2.9117353107048034
2.9148132990296896
2.917869625106073
2.9209044152913073
2.9239177951918287
2.9269098896654273
2.929880822827094
2.932830718056695
2.935759698001462
2.9386678845820584
2.9415553989957957
2.9444223617267262
2.9472688925444395
2.9500951105134128
2.9529011339956237
2.955687080657059
2.958453067471516
2.9611992107251175
2.9639256260205613
2.96663242828456
2.969319731768306
2.9719876500558904
2.97463629606619
2.977265782057438
2.979876219633293
2.9824677197468246
2.98504039270366
2.987594348165597
2.9901296951597267
2.9926465420761583
2.995144996676128
2.997625166094679
3.000087156846375
3.0025310748274308
3.004957025320491
3.0073651129989365
3.0097554419305235
3.0121281155806727
3.01448323681867
3.0168209079180905
3.0191412305636627
3.0214443058538025
3.0237302343021026
3.025999115846009
3.0282510498457453
3.03048613509137
3.0327044698037287
3.034906151639929
3.0370912776963883
3.0392599445124038
3.0414122480717993
3.043548283810551
3.045668146615811
3.0477719308327718
3.049859730264229
3.051931638177991
3.0539877473076134
3.056028149857176
3.05805293750389
3.060062201400436
3.062056032179507
3.064034519957976
3.0659977543364283
3.067945824405052
3.0698788187463872
3.0717968254391197
3.073699932059974
3.075588225686373
3.0774617929008876
3.0793207197929355
3.0842442188368526
3.0891282400242446
3.0939760805766494
3.098788202814493
3.1035650659682226
3.108307120554645
3.11301480858611
3.117688563759709
3.1223288116424253
3.126935969853198
3.131510448240022
3.136052649050886
3.1405629671050255
3.1450417899565766
