30.0
30.00000136822152
30.000002551017193
30.000003550296302
30.000004364658913
30.00000499277215
30.00000543336132
30.000005685208407
30.000005747150617
30.00000561807892
30.00000529693666
30.000004782718175
30.000004074467466
30.00000317127688
30.000002072285856
30.000000776679666
29.99999928368821
29.999997592584837
29.999995702685176
29.99999361334603
29.999991323964267
29.999988833975742
29.99998614285426
29.99998325011056
29.999980155291304
29.99997685797812
29.999973357786644
29.999969654365607
29.999965747395922
29.99996163658981
29.999957321689934
29.999952802468574
29.999948078726803
29.999943150293685
29.99993801702551
29.99993267880502
29.999927135540688
29.999921387165973
29.999915433638634
29.999909274940038
29.99990291107449
29.999896342068578
29.999889583235767
29.999882630634218
29.999875484527653
29.999868145189076
29.999860612908847
29.999852887994113
29.999844970768276
29.99983686157047
29.999828560755045
29.999820068691097
29.999811385761955
29.999802512364734
29.999793448909873
29.999784195820677
29.999774753532893
29.999765122494285
29.999755303164218
29.999745296013256
29.999735101522774
29.999724720184567
29.999714152500488
29.999703398982078
29.999692460150214
29.999681336534767
29.999670028674263
29.99965853711556
29.99964686241353
29.99963500513074
29.999622965837165
29.99961074510988
29.999598343532778
29.999585761696295
29.999573000197138
29.99956005963801
29.99954694062737
29.99953364377916
29.999520169712586
29.99950651905186
29.999492692425978
29.99947869046849
29.999464513817284
29.999450163114375
29.99943563900569
29.999420942140873
29.99940607317308
29.999391032758798
29.99937582155765
29.999360440232216
29.999344889447862
29.999329169872556
29.99931328217672
29.999297227033043
29.99928100511635
29.99926461710343
29.999248063672894
29.99923134550502
29.999214463281632
29.99919741768594
29.99918020940243
29.999162839116703
29.999145307515388
29.999127615285985
29.99910976311677
29.999091751696668
29.999073581715134
29.999055253862068
29.99903676882768
29.99901812730241
29.99899932997682
29.99898037754149
29.998961270686934
29.998942010103505
29.998922596481307
29.99890303051011
29.99888331287926
29.998863444277614
29.99884342539344
29.998823256914356
29.998802939527252
29.998782473918222
29.99876186077249
29.99874110077434
29.99872019460706
29.998699142952873
29.998677946492876
29.998656605906987
29.998635121873882
29.998613495070934
29.998591726174176
29.998569815858236
29.99854776479629
29.99852557366001
29.998503243119533
29.998480773843397
29.998458166498505
29.998435421750084
29.99841254026164
29.99838952269493
29.998366369709906
29.998343081964695
29.998319660115556
29.99829610481685
29.998272416720997
29.99824859647846
29.998224644737707
29.99820056214518
29.998176349345265
29.998152006980277
29.998127535690426
29.99810293611379
29.998078208886295
29.99805335464169
29.998028374011533
29.998003267625155
29.997978036109657
29.997952680089877
29.997927200188386
29.997901597025454
29.997875871219048
29.997850023384807
29.997824054136032
29.997797964083674
29.997771753836307
29.99774542400014
29.997718975178977
29.997692407974224
29.997665722984873
29.997638920807496
29.997612002036227
29.99758496726276
29.99755781707634
29.99753055206375
29.997503172809314
29.99747567989488
29.997448073899818
29.99742035540102
29.997392524972884
29.997364583187327
29.997336530613754
29.99730836781908
29.997280095367714
29.99725171382156
29.99722322374001
29.99719462567996
29.997165920195773
29.997137107839315
29.997108189159935
29.997079164704463
29.997050035017224
29.997020800640023
29.996991462112156
29.996962019970404
29.99693247474904
29.996902826979834
29.99687307719204
29.996843225912404
29.996813273665182
29.996783220972123
29.996753068352483
29.99672281632302
29.99669246539801
29.996662016089232
29.996631468905996
29.99660082435512
29.99657008294096
29.996539245165398
29.99650831152785
29.99647728252528
29.99644615865219
29.996414940400637
29.996383628260233
29.99635222271816
29.996320724259153
29.99628913336554
29.996257450517216
29.99622567619167
29.996193810863982
29.996161855006832
29.996129809090508
29.99609767358291
29.996065448949558
29.996033135653605
29.996000734155835
29.995968244914675
29.9959356683862
29.995903005024143
29.995870255279904
29.995837419602555
29.99580449843885
29.995771492233228
29.995738401427825
29.995705226462483
29.995671967774758
29.99563862579992
29.995605200970978
29.99557169371867
29.995538104471485
29.995504433655665
29.995470681695213
29.99543684901191
29.995402936025307
29.99536894315275
29.995334870809383
29.995300719408153
29.995266489359825
29.995232181072986
29.99519779495406
29.995163331407305
29.995128790834837
29.995094173636627
29.995059480210518
29.99502471095223
29.994989866255366
29.99495494651143
29.99491995210983
29.994884883437884
29.994849740880838
29.99481452482187
29.9947792356421
29.99474387372059
29.994708439434376
29.994672933158455
29.9946373552658
29.99460170612738
29.99456598611215
29.99453019558708
29.99449433491715
29.994458404465366
29.994422404592772
29.994386335658444
29.99435019801952
29.994313992031195
29.994277718046735
29.994241376417484
29.994204967492877
29.994168491620446
29.99413194914583
29.994095340412787
29.994058665763195
29.99402192553707
29.993985120072566
29.993948249705998
29.99391131477184
29.993874315602735
29.993837252529506
29.993800125881165
29.993762935984922
29.993725683166197
29.993688367748618
29.993650990054046
29.993613550402575
29.993576049112534
29.99353848650051
29.993500862881348
29.993463178568163
29.99342543387235
29.993387629103587
29.993349764569853
29.993311840577423
29.993273857430893
29.993235815433174
29.99319771488551
29.99315955608749
29.993121339337044
29.993083064930456
29.99304473316238
29.993006344325842
29.992967898712248
29.992929396611395
29.99289083831148
29.99285222409911
29.992813554259296
29.992774829075486
29.992736048829553
29.99269721380181
29.992658324271023
29.992619380514412
29.992580382807663
29.99254133142493
29.99250222663886
29.992463068720575
29.99242385793971
29.992384594564392
29.99234527886127
29.992305911095507
29.992266491530803
29.992227020429393
29.992187498052058
29.992147924658127
29.992108300505496
29.992068625850628
29.99202890094856
29.991989126052918
29.99194930141591
29.991909427288356
29.991869503919673
29.9918295315579
29.991789510449692
29.991749440840337
29.99170932297376
29.99166915709253
29.99162894343787
29.991588682249656
29.991548373766438
29.991508018225435
29.99146761586255
29.991427166912374
29.99138667160819
29.991346130181988
29.99130554286447
29.99126490988505
29.991224231471868
29.991183507851794
29.99114273925044
29.99110192589216
29.99106106800006
29.991020165796005
29.990979219500627
29.99093822933333
29.99089714808453
29.990856001477976
29.990814789451495
29.99077351200195
29.99073216913195
29.99069076084978
29.99064928716924
29.990607748109483
29.99056614369485
29.99052447395471
29.99048273892333
29.9904409386397
29.99039907314741
29.9903571424945
29.99031514673332
29.990273085920403
29.990230960116335
29.990188769385625
29.99014651379658
29.990104193421196
29.990061808335017
29.990019358617044
29.989976844349613
29.989934265618288
29.989891622511752
29.989848915121705
29.98980614354277
29.98976330787238
29.989720408210705
29.98967744466053
29.98963441732719
29.98959132631846
29.989548171744495
29.989504953717717
29.98946167235275
29.98941832776634
29.98937492007727
29.98933144940629
29.98928791587604
29.989244319610986
29.989200660737332
29.989156939382973
29.989113155677416
29.989069309751716
29.98902540173842
29.9889814317715
29.988937399986288
29.98889330651943
29.98884915150882
29.988804935093555
29.988760657413867
29.98871631861108
29.98867191882756
29.98862745820666
29.98858293689268
29.98853835503081
29.988493712767088
29.98844901024836
29.988404247622235
29.988359425037036
29.988314542641767
29.988269600586072
29.988224599020196
29.98817953809494
29.988134417961636
29.988089238772105
29.98804400067862
29.98799870383388
29.987953348390974
29.98790793450334
29.987862462324752
29.98781693200927
29.987771343711227
29.987725697585194
29.987679993785946
29.987634232468448
29.987588413787822
29.98754253789932
29.9874966049583
29.987450615120206
29.987404568540544
29.987358465374857
29.9873123057787
29.987266089907628
29.98721981791716
29.987173489962785
29.987127106199914
29.987080666783875
29.9870341718699
29.986987621613096
29.986941016168434
29.986894355690726
29.986847640334624
29.986800870254584
29.986754045604865
29.98670716653951
29.986660233212334
29.9866132457769
29.986566204386527
29.98651910919425
29.986471960352837
29.986424758014746
29.986377502332136
29.986330193456848
29.98628283154039
29.986235416733937
29.986187949188313
29.98614042905398
29.98609285648103
29.986045231619183
29.985997554617768
29.985949825625717
29.985902044791562
29.98585421226342
29.98580632818899
29.985758392715542
29.985710405989916
29.98566236815851
29.985614279367276
29.985566139761705
29.985517949486834
29.985469708687237
29.985421417507013
29.985373076089783
29.985324684578686
29.98527624311638
29.985227751845027
29.985179210906296
29.98513062044135
29.985081980590852
29.985033291494958
29.98498455329331
29.98493576612503
29.98488693012873
29.984838045442494
29.98478911220388
29.984740130549923
29.98469110061712
29.984642022541436
29.984592896458306
29.98454372250262
29.984494500808733
29.984445231510453
29.984395914741047
29.98434655063323
29.984297139319178
29.984247680930512
29.984198175598305
29.984148623453073
29.98409902462479
29.98404937924286
29.98399968743615
29.983949949332956
29.983900165061026
29.983850334747547
29.983800458519152
29.983750536501912
29.98370056882134
29.98365055560239
29.983600496969462
29.98355039304639
29.98350024395645
29.983450049822363
29.983399810766286
29.983349526909823
29.983299198374013
29.983248825279343
29.98319840774574
29.98314794589257
29.98309743983864
29.983046889702216
29.98299629560099
29.982945657652113
29.982894975972172
29.982844250677207
29.9827934818827
29.98274266970359
29.982691814254256
29.982640915648535
29.98258997399971
29.98253898942052
29.982487962023153
29.98243689191926
29.982385779219943
29.982334624035758
29.982283426476727
29.98223218665233
29.9821809046715
29.98212958064265
29.98207821467364
29.982026806871804
29.98197535734394
29.981923866196322
29.981872333534685
29.98182075946424
29.981769144089675
29.981717487515144
29.981665789844282
29.981614051180205
29.98156227162551
29.98151045128227
29.981458590252043
29.98140668863588
29.981354746534308
29.98130276404735
29.981250741274515
29.981198678314808
29.981146575266727
29.981094432228268
29.981042249296923
29.980990026569685
29.980937764143047
29.980885462113005
29.980833120575067
29.98078073962424
29.98072831935505
29.980675859861524
29.980623361237214
29.980570823575174
29.98051824696799
29.980465631507755
29.98041297728609
29.980360284394138
29.980307552922568
29.980254782961573
29.98020197460088
29.980149127929746
29.98009624303696
29.98004332001085
29.979990358939276
29.97993735990964
29.97988432300889
29.97983124832351
29.979778135939537
29.97972498594255
29.979671798417684
29.97961857344962
29.979565311122595
29.979512011520402
29.97945867472639
29.979405300823476
29.979351889894126
29.979298442020383
29.979244957283846
29.979191435765692
29.979137877546663
29.97908428270707
29.979030651326806
29.97897698348533
29.978923279261696
29.97886953873452
29.978815761982013
29.978761949081967
29.97870810011176
29.978654215148357
29.97860029426832
29.978546337547794
29.97849234506253
29.978438316887868
29.97838425309875
29.978330153769715
29.97827601897491
29.97822184878808
29.978167643282585
29.97811340253139
29.978059126607064
29.9780048155818
29.9779504695274
29.97789608851528
29.97784167261648
29.97778722190166
29.9777327364411
29.977678216304707
29.977623661562006
29.97756907228216
29.977514448533963
29.97745979038583
29.97740509790582
29.977350371161627
29.97729561022058
29.977240815149646
29.97718598601544
29.977131122884213
29.977076225821868
29.97702129489395
29.976966330165663
29.976911331701846
29.976856299567
29.976801233825284
29.976746134540505
29.976691001776135
29.976635835595303
29.976580636060802
29.976525403235087
29.97647013718028
29.976414837958163
29.9763595056302
29.976304140257515
29.976248741900914
29.976193310620868
29.97613784647753
29.97608234953073
29.976026819839976
29.975971257464458
29.97591566246305
29.975860034894307
29.97580437481648
29.9757486822875
29.975692957364984
29.975637200106252
29.975581410568314
29.97552558880787
29.97546973488132
29.97541384884476
29.975357930753987
29.9753019806645
29.975245998631507
29.97518998470991
29.975133938954325
29.975077861419074
29.975021752158185
29.9749656112254
29.974909438674178
29.97485323455769
29.974796998928817
29.974740731840168
29.974684433344063
29.97462810349254
29.974571742337375
29.974515349930048
29.974458926321777
29.974402471563504
29.9743459857059
29.97428946879936
29.974232920894014
29.97417634203973
29.974119732286105
29.97406309168247
29.9740064202779
29.9739497181212
29.973892985260925
29.97383622174536
29.973779427622542
29.97372260294025
29.973665747746008
29.973608862087087
29.97355194601051
29.973494999563044
29.973438022791218
29.9733810157413
29.973323978459323
29.97326691099107
29.97320981338209
29.97315268567768
29.973095527922894
29.97303834016256
29.972981122441258
29.97292387480334
29.972866597292914
29.97280928995386
29.972751993629963
29.97269467171305
29.972637324365664
29.972579951673147
29.9725225537194
29.97246513058676
29.97240768235603
29.97235020910653
29.972292710916108
29.97223518786119
29.972177640016813
29.97212006745664
29.972062470253007
29.972004848476942
29.9719472021982
29.971889531485296
29.971831836405514
29.971774117024953
29.971716373408555
29.971658605620107
29.971600813722297
29.971542997776716
29.97148515784389
29.971427293983307
29.971369406253434
29.971311494711745
29.971253559414734
29.971195600417946
29.971137617775998
29.97107961154259
29.97102158177053
29.970963528511753
29.970905451817348
29.970847351737568
29.97078922832184
29.97073108161881
29.97067291167632
29.97061471854147
29.970556502260596
29.970498262879314
29.970440000442515
29.970381714994396
29.970323406578462
29.970265075237553
29.97020672101385
29.97014834394889
29.970089944083583
29.97003152145823
29.969973076112517
29.96991460808555
29.969856117415855
29.96979760414139
29.969739068299567
29.96968050992725
29.96962192906078
29.96956332573597
29.969504699988132
29.969446051852078
29.969387381362136
29.96932868855215
29.969269973455503
29.96921123610512
29.969152476533473
29.969093694772603
29.969034890854115
29.968976064809194
29.968917216668615
29.968858346462746
29.96879945422156
29.968740539974647
29.968681603751207
29.96862264558008
29.968563665489732
29.968504663508273
29.968445639663468
29.96838659398273
29.96832752649314
29.968268437221454
29.968209326194096
29.968150193437175
29.968091038976496
29.968031862837552
29.96797266504554
29.967913445625364
29.96785420460164
29.967794941998704
29.967735657840617
29.967676352151162
29.967617024953867
29.967557676271987
29.967498306128533
29.967438914546257
29.967379501547672
29.96732006715504
29.967260611390397
29.967201134275538
29.967141635832032
29.96708211608123
29.967022575044254
29.966963012742013
29.96690342919521
29.966843824424334
29.966784198449673
29.966724551291314
29.966664882969145
29.96660519350286
29.96654548291197
29.966485751215796
29.96642599843347
29.96636622458395
29.96630642968602
29.966246613758287
29.966186776819185
29.966126918886985
29.96606703997979
29.966007140115543
29.965947219312028
29.965887277586873
29.96582731495755
29.96576733144138
29.96570732705554
29.965647301817054
29.965587255742808
29.965527188849546
29.965467101153873
29.965406992672257
29.96534686342103
29.96528671341639
29.96522654267441
29.965166351211035
29.96510613904208
29.965045906183242
29.96498565265009
29.964925378458073
29.964865083622527
29.96480476815867
29.9647444320816
29.96468407540631
29.964623698147683
29.964563300320485
29.964502881939378
29.964442443018918
29.964381983573556
29.964321503617644
29.96426100316543
29.96420048223106
29.964139940828584
29.964079378971956
29.96401879667503
29.963958193951573
29.963897570815252
29.96383692727965
29.963776263358255
29.963715579064466
29.963654874411596
29.96359414941287
29.963533404081428
29.96347263843033
29.963411852472547
29.96335104622097
29.963290219688417
29.963229372887614
29.963168505831216
29.9631076185318
29.963046711001866
29.962985783253835
29.962924835300058
29.962863867152812
29.962802878824302
29.962741870326656
29.96268084167194
29.96261979287214
29.962558723939182
29.96249763488492
29.962436525721138
29.96237539645956
29.962314247111838
29.962253077689564
29.962191888204263
29.9621306786674
29.96206944909037
29.96200819948452
29.961946929861117
29.961885640231387
29.961824330606483
29.9617630009975
29.961701651415485
29.961640281871414
29.961578892376217
29.96151748294076
29.961456053575855
29.961394604292263
29.961333135100684
29.96127164601177
29.96121013703612
29.96114860818427
29.961087059466717
29.961025490893896
29.9609639024762
29.960902294223963
29.960840666147476
29.960779018256975
29.96071735056265
29.96065566307464
29.960593955803038
29.96053222875789
29.960470481949194
29.9604087153869
29.960346929080917
29.960285123041096
29.96022329727726
29.960161451799173
29.96009958661656
29.960037701739104
29.95997579717644
29.959913872938166
29.95985192903383
29.959789965472943
29.95972798226497
29.959665979419338
29.95960395694543
29.95954191485259
29.95947985315012
29.95941777184729
29.95935567095331
29.959293550477376
29.959231410428625
29.959169250816167
29.95910707164907
29.95904487293636
29.958982654687034
29.958920416910043
29.958858159614305
29.9587958828087
29.958733586502074
29.958671270703235
29.95860893542095
29.958546580663963
29.95848420644097
29.958421812760644
29.95835939963161
29.95829696706247
29.958234515061783
29.958172043638083
29.95810955279986
29.95804704255558
29.957984512913672
29.957921963882534
29.957859395470525
29.95779680768598
29.9577342005372
29.95767157403245
29.957608928179965
29.95754626298795
29.95748357846458
29.957420874617995
29.95735815145631
29.95729540898761
29.957232647219936
29.95716986616132
29.957107065819745
29.95704424620318
29.95698140731955
29.956918549176766
29.956855671782698
29.956792775145193
29.95672985927207
29.956666924171117
29.956603969850093
29.956540996316733
29.95647800357874
29.956414991643793
29.95635196051954
29.95628891021361
29.95622584073359
29.95616275208706
29.956099644281554
29.95603651732459
29.955973371223664
29.955910205986232
29.955847021619732
29.955783818131582
29.955720595529165
29.95565735381984
29.955594093010948
29.955530813109796
29.95546751412367
29.955404196059828
29.955340858925513
29.955277502727935
29.955214127474278
29.95515073317171
29.955087319827367
29.955023887448366
29.954960436041798
29.954896965614733
29.954833476174215
29.954769967727266
29.954706440280884
29.954642893842042
29.954579328417697
29.954515744014778
29.95445214064019
29.95438851830082
29.954324877003533
29.954261216755167
29.95419753756254
29.954133839432448
29.954070122371668
29.954006386386954
29.953942631485035
29.953878857672624
29.95381506495641
29.953751253343057
29.953687422839216
29.953623573451512
29.95355970518655
29.953495818050914
29.95343191205117
29.953367987193857
29.953304043485506
29.953240080932616
29.953176099541672
29.953112099319135
29.953048080271447
29.952984042405035
29.9529199857263
29.95285591024163
29.95279181595739
29.952727702879923
29.952663571015556
29.952599420370596
29.952535250951335
29.95247106276404
29.952406855814964
29.952342630110337
29.952278385656374
29.95221412245927
29.952149840525205
29.952085539860335
29.952021220470797
29.95195688236272
29.951892525542203
29.951828150015338
29.95176375578819
29.95169934286681
29.951634911257234
29.951570460965478
29.95150599199754
29.9514415043594
29.951376998057025
29.95131247309636
29.951247929483333
29.951183367223862
29.951118786323843
29.95105418678915
29.95098956862565
29.95092493183919
29.9508602764356
29.950795602420687
29.950730913135516
29.950666208562808
29.950601488742286
29.950536753712452
29.950472003510725
29.950407238173483
29.950342457736078
29.950277662232864
29.950212851697223
29.950148026161592
29.95008318565748
29.950018330215496
29.949953459865377
29.949888574635995
29.949823674555397
29.94975875965081
29.94969382994867
29.94962888547465
29.949563926253653
29.949498952309863
29.949433963666742
29.94936896034706
29.9493039423729
29.949238909765693
29.94917386254622
29.94910880073464
29.94904372435049
29.948978633412715
29.948913527939684
29.948848407949196
29.9487832734585
29.948718124484305
29.9486529610428
29.948587783149662
29.948522590820076
29.94845738406874
29.94839216290988
29.948326927357268
29.948261677424227
29.948196413123647
29.948131134467992
29.94806584146932
29.948000534139275
29.947935212489124
29.947869876529747
29.947804526271657
29.947739161725
29.94767378289958
29.947608389804856
29.947542982449953
29.947477560843673
29.947412124994507
29.947346674910637
29.947281210599947
29.94721573207003
29.947150239328206
29.94708473238151
29.947019211236714
29.946953675900332
29.946888126378628
29.946822562677614
29.94675698480307
29.946691392760542
29.94662578655535
29.946560166192597
29.94649453167717
29.946428883013752
29.946363220206823
29.946297543260666
29.94623185217938
29.946166146966874
29.94610042762688
29.94603469416296
29.945968946578503
29.94590318487673
29.94583740906071
29.945771619133357
29.945705815097426
29.94563999695554
29.945574164710166
29.94550831836365
29.945442457918194
29.94537658337587
29.945310694738637
29.945244792008317
29.945178875186624
29.94511294427516
29.94504699927541
29.94498104018875
29.944915067016467
29.94484907975973
29.944783078419626
29.944717062997135
29.944651033493155
29.944584989908492
29.944518932243867
29.94445286049992
29.94438677467721
29.944320674776222
29.94425456079736
29.944188432740965
29.9441222906073
29.94405613439657
29.9439899641089
29.943923779744374
29.943857581302996
29.943791368784726
29.94372514218946
29.943658901517043
29.943592646767268
29.943526377939875
29.943460095034563
29.943393798050977
29.94332748698872
29.94326116184736
29.94319482262641
29.943128469325355
29.943062101943635
29.94299572048066
29.9429293249358
29.942862915308396
29.942796491597754
29.942730053803153
29.94266360192384
29.942597135959037
29.942530655907937
29.942464161769713
29.94239765354351
29.942331131228446
29.942264594823627
29.942198044328133
29.94213147974103
29.942064901061357
29.941998308288145
29.941931701420405
29.94186508045713
29.941798445397303
29.941731796239896
29.94166513298386
29.941598455628146
29.941531764171685
29.941465058613403
29.941398338952215
29.94133160518703
29.94126485731675
29.941198095340265
29.941131319256467
29.94106452906424
29.940997724762457
29.940930906349998
29.94086407382573
29.940797227188526
29.94073036643725
29.94066349157077
29.94059660258795
29.94052969948765
29.940462782268742
29.940395850930088
29.94032890547055
29.940261945889006
29.94019497218432
29.940127984355367
29.940060982401025
29.939993966320174
29.939926936111696
29.939859891774482
29.939792833307425
29.939725760709425
29.939658673979384
29.93959157311621
29.939524458118825
29.939457328986148
29.93939018571711
29.939323028310646
29.939255856765705
29.939188671081233
29.939121471256193
29.939054257289555
29.938987029180296
29.9389197869274
29.938852530529864
29.93878525998669
29.938717975296896
29.938650676459503
29.938583363473544
29.93851603633806
29.938448695052113
29.93838133961476
29.93831397002508
29.938246586282162
29.9381791883851
29.938111776333002
29.93804435012499
29.93797690976019
29.937909455237754
29.93784198655683
29.937774503716586
29.937707006716202
29.93763949555487
29.93757197023179
29.93750443074618
29.93743687709727
29.937369309284293
29.937301727306508
29.93723413116318
29.937166520853587
29.93709889637702
29.937031257732784
29.936963604920194
29.936895937938587
29.9368282567873
29.936760561465693
29.936692851973135
29.936625128309007
29.93655739047271
29.936489638463655
29.93642187228126
29.936354091924965
29.93628629739422
29.93621848868849
29.936150665807247
29.93608282874999
29.936014977516216
29.93594711210545
29.93587923251722
29.93581133875107
29.93574343080656
29.935675508683264
29.935607572380768
29.935539621898666
29.93547165723658
29.93540367839413
29.935335685370962
29.935267678166724
29.935199656781087
29.93513162121373
29.935063571464354
29.934995507532662
29.934927429418376
29.934859337121235
29.934791230640986
29.93472310997739
29.934654975130226
29.934586826099277
29.93451866288435
29.934450485485264
29.934382293901844
29.934314088133934
29.93424586818139
29.93417763404408
29.934109385721886
29.934041123214705
29.933972846522447
29.933904555645032
29.933836250582395
29.933767931334483
29.933699597901256
29.93363125028269
29.93356288847877
29.9334945124895
29.933426122314884
29.933357717954955
29.933289299409747
29.93322086667931
29.933152419763708
29.933083958663016
29.93301548337732
29.932946993906725
29.93287849025134
29.93280997241129
29.932741440386717
29.932672894177767
29.932604333784603
29.9325357592074
29.932467170446344
29.932398567501632
29.93232995037348
29.932261319062103
29.932192673567737
29.93212401389063
29.932055340031038
29.93198665198923
29.93191794976549
29.93184923336011
29.931780502773396
29.931711758005658
29.931642999057228
29.931574225928443
29.931505438619652
29.93143663713122
29.931367821463514
29.93129899161692
29.931230147591833
29.93116128938866
29.931092417007815
29.931023530449725
29.93095462971483
29.93088571480358
29.930816785716434
29.93074784245386
29.930678885016345
29.930609913404375
29.930540927618452
29.93047192765909
29.930402913526816
29.930333885222158
29.93026484274566
29.93019578609788
29.930126715279375
29.930057630290722
29.929988531132505
29.92991941780532
29.929850290309766
29.92978114864646
29.929711992816024
29.92964282281909
29.929573638656304
29.929504440328316
29.929435227835786
29.92936600117939
29.9292967603598
29.929227505377714
29.929158236233828
29.929088952928854
29.929019655463506
29.928950343838512
29.928881018054604
29.92881167811253
29.928742324013047
29.928672955756912
29.9286035733449
29.92853417677779
29.928464766056372
29.928395341181442
29.928325902153805
29.928256448974278
29.928186981643684
29.928117500162855
29.92804800453263
29.927978494753855
29.92790897082739
29.927839432754098
29.927769880534854
29.927700314170536
29.927630733662035
29.927561139010244
29.927491530216074
29.927421907280433
29.927352270204242
29.927282618988432
29.927212953633937
29.9271432741417
29.92707358051267
29.927003872747807
