30.00015611642133
30.000107900908404
30.000059846975105
30.000011517944227
29.99996292104127
29.999914062380878
29.999864947934668
29.999815583532598
29.999765974866335
29.99971612749254
29.999666046836097
29.999615738193214
29.99956520673453
29.999514457508056
29.999463495442114
29.999412325348175
29.999360951923652
29.9993093797546
29.999257613318363
29.999205656986163
29.999153515025636
29.99910119160327
29.999048690786836
29.998996016547704
29.99894317276318
29.99889016321871
29.998836991610062
29.998783661545488
29.998730176547767
29.998676540056273
29.998622755428936
29.998568825944197
29.99851475480286
29.998460545129994
29.998406199976692
29.998351722321843
29.998297115073854
29.998242381072316
29.998187523089655
29.99813254383271
29.998077445944308
29.998026373245978
29.997974707755155
29.997923001968598
29.99787125675842
29.997819474075765
29.997767655816403
29.99771580382432
29.997663919893036
29.997612005766804
29.997560063141833
29.997508093667456
29.997456098947318
29.997404080540445
29.99735203996238
29.997299978686257
29.997247898143808
29.997195799726416
29.99714368478611
29.99709155463652
29.997039410553825
29.99698725377771
29.996935085512227
29.996882906926704
29.99683071915659
29.996778523304314
29.996726320440082
29.996674111602697
29.996621897800324
29.996569680011255
29.99651745918468
29.996465236241356
29.996413012074377
29.99636078754982
29.99630856350744
29.99625634076134
29.996204120100582
29.99615190228984
29.99609968807
29.996047478158765
29.995995273251232
29.99594307402046
29.99589088111803
29.995838695174598
29.99578651680039
29.99573434658575
29.99568218510164
29.99563003290011
29.995577890514802
29.995525758461405
29.995473637238117
29.995421527326087
29.995369429189843
29.995317343277744
29.99526527002236
29.995213209840905
29.9951611631356
29.995109130294082
29.995057111689796
29.9950051076823
29.994953118617694
29.994901144828916
29.99484918663612
29.994797244346977
29.994745318257017
29.994693408649958
29.994641515797966
29.994589639962015
29.994537781392157
29.99448594032778
29.994434116997944
29.994382311621592
29.99433052440789
29.9942787555564
29.994227005257414
29.99417527369215
29.994123561033003
29.994071867443807
29.994020193080026
29.993968538088996
29.993916902610167
29.993865286775268
29.993813690708546
29.99376211452698
29.99371055834044
29.99365902225191
29.993607506357684
29.99355601074751
29.993504535504808
29.993453080706836
29.993401646424847
29.993350232724264
29.993298839664853
29.99324746730085
29.993196115681158
29.99314478484947
29.993093474844407
29.993042185699707
29.992990917444303
29.9929396701025
29.99288844369412
29.99283723823457
29.992786053735045
29.99273489020259
29.992683747640264
29.992632626047232
29.99258152541887
29.99253044574692
29.99247938701955
29.99242834922149
29.99237733233413
29.99232633633561
29.99227536120093
29.99222440690204
29.992173473407934
29.992122560684756
29.992071668695846
29.992020797401892
29.99196994676095
29.991919116728567
29.991868307257853
29.99181751829954
29.991766749802096
29.99171600171175
29.99166527397262
29.991614566526735
29.99156387931412
29.991513212272892
29.99146256533928
29.991411938447712
29.991361331530882
29.99131074451979
29.991260177343825
29.991209629930808
29.991159102207057
29.991108594097426
29.991058105525365
29.99100763641299
29.990957186681108
29.990906756249284
29.99085634503587
29.99080595295807
29.990755579931985
29.990705225872638
29.990654890694042
29.99060457430922
29.990554276630263
29.990503997568354
29.990453737033828
29.99040349493619
29.990353271184155
29.9903030656857
29.990252878348077
29.990202709077856
29.990152557780974
29.990102424362718
29.990052308727837
29.99000221078049
29.98995213042432
29.989902067562475
29.98985202209765
29.989801993932073
29.989751982967583
29.989701989105612
29.989652012247245
29.98960205229321
29.989552109143943
29.989502182699567
29.989452272859964
29.989402379524726
29.98935250259327
29.989302641964763
29.989252797538224
29.989202969212485
29.989153156886232
29.98910336045803
29.98905357982634
29.989003814889514
29.988954065545848
29.988904331693554
29.988854613230828
29.98880491005582
29.98875522206668
29.98870554916156
29.9886558912386
29.98860624819602
29.988556619932044
29.988507006344975
29.988457407333165
29.988407822795065
29.98835825262921
29.98830869673425
29.988259155008947
29.988209627352173
29.988160113662964
29.988110613840494
29.988061127784082
29.98801165539323
29.987962196567608
29.98791275120707
29.98786331921168
29.98781390048168
29.987764494917535
29.987715102419937
29.98766572288978
29.987616356228216
29.98756700233662
29.98751766111662
29.9874683324701
29.987419016299203
29.987369712506336
29.98732042099418
29.987271141665687
29.987221874424115
29.98717261917298
29.98712337581611
29.987074144257633
29.98702492440198
29.98697571615388
29.98692651941838
29.986877334100853
29.986828160106985
29.986778997342782
29.986729845714596
29.986680705129093
29.986631575493288
29.986582456714522
29.98653334870049
29.98648425135924
29.986435164599143
29.986386088328942
29.98633702245772
29.986287966894935
29.986238921550395
29.98618988633425
29.986140861157054
29.986091845929682
29.986042840563414
29.985993844969865
29.98594485906105
29.98589588274934
29.985846915947487
29.985797958568618
29.985749010526234
29.985700071734215
29.985651142106825
29.9856022215587
29.98555331000486
29.98550440736072
29.98545551354206
29.985406628465057
29.985357752046266
29.985308884202624
29.985260024851478
29.98521117391052
29.985162331297875
29.985113496932023
29.98506467073184
29.985015852616595
29.984967042505936
29.98491824031992
29.984869445978966
29.984820659403894
29.984771880515922
29.984723109236636
29.984674345488024
29.98462558919246
29.984576840272705
29.984528098651907
29.984479364253602
29.98443063700171
29.984381916820546
29.9843332036348
29.98428449736956
29.984235797950284
29.98418710530283
29.98413841935343
29.984089740028715
29.984041067255667
29.983992400961682
29.983943741074526
29.983895087522342
29.983846440233656
29.983797799137378
29.983749164162788
29.983700535239556
29.983651912297706
29.98360329526767
29.983554684080218
29.98350607866653
29.98345747895814
29.983408884886945
29.983360296385236
29.98331171338566
29.983263135821232
29.98321456362534
29.983165996731742
29.983117435074558
29.983068878588263
29.983020327207704
29.982971780868105
29.982923239505027
29.982874703054403
29.98282617145252
29.982777644636034
29.98272912254194
29.982680605107603
29.982632092270737
29.982583583969408
29.982535080142036
29.98248658072739
29.982438085664576
29.98238959489308
29.982341108352692
29.982292625983582
29.982244147726256
29.982195673521545
29.98214720331064
29.982098737035066
29.982050274636688
29.981992456030405
29.981937981982284
29.981883462489844
29.9818289051632
29.98177431061368
29.981719679450443
29.981665012266532
29.98161030963931
29.9815555721308
29.98150080028809
29.98144599464368
29.98139115571586
29.981336284009036
29.981281380014085
29.981226444208673
29.981171477057575
29.98111647901302
29.981061450514964
29.981006391991407
29.980951303858678
29.980896186521733
29.980841040374436
29.980785865799806
29.980730663170316
29.98067543284813
29.980620175185372
29.98056489052435
29.980509579197836
29.98045424152926
29.980398877832965
29.980343488414434
29.98028807357049
29.980232633589534
29.980177168751716
29.980121679329198
29.980066165586287
29.980010627779684
29.979955066158624
29.979899480965123
29.97984387243409
29.979788240793546
29.9797325862648
29.979676909062572
29.97962120939522
29.97956548746484
29.97950974346746
29.97945397759319
29.979398190026345
29.979342380945617
29.979286550524197
29.97923069892993
29.97917482632544
29.979118932868257
29.979063018710963
29.979007084001292
29.978951128882287
29.978895153492363
29.978839157965496
29.978783142431283
29.97872710701506
29.978671051838035
29.97861497701737
29.97855888266629
29.978502768894188
29.978446635806726
29.97839048350592
29.978334312090233
29.978278121654682
29.978221912290905
29.978165684087273
29.978109437128953
29.978053171497997
29.977996887273427
29.97794058453131
29.977884263344848
29.977827923784417
29.977771565917678
29.97771518980964
29.977658795522714
29.97760238311679
29.977545952649308
29.97748950417532
29.977433037747552
29.977376553416455
29.977320051230286
29.977263531235153
29.977206993475072
29.977150437992027
29.97709386482603
29.977037274015153
29.976980665595605
29.97692403960177
29.976867396066254
29.97681073501994
29.976754056492027
29.97669736051008
29.97664064710009
29.976583916286476
29.976527168092183
29.976470402538666
29.976413619645985
29.976356819432795
29.976300001916428
29.976243167112898
29.976186315036948
29.976129445702092
29.976072559120652
29.976015655303776
29.975958734261475
29.975901796002674
29.97584484053523
29.975787867865943
29.975730878000626
29.975673870944107
29.975616846700262
29.975559805272056
29.97550274666154
29.97544567086991
29.97538857789752
29.975331467743903
29.975274340407793
29.975217195887176
29.975160034179254
29.975102855280547
29.975045659186854
29.97498844589329
29.974931215394328
29.974873967683777
29.974816702754865
29.97475942060019
29.97470212121178
29.97464480458111
29.974587470699102
29.97453011955616
29.974472751142173
29.974415365446553
29.974357962458214
29.974300542165636
29.97424310455683
29.9741856496194
29.97412817734053
29.97407068770699
29.974013180705192
29.97395565632116
29.97389811454055
29.97384055534869
29.97378297873056
29.973725384670843
29.973667773153885
29.973610144163747
29.973552497684203
29.973494833698755
29.97343715219064
29.973379453142847
29.9733217365381
29.973264002358917
29.973206250587566
29.97314848120613
29.973090694196465
29.973032889540235
29.972975067218915
29.972917227213813
29.972859369506054
29.972801494076602
29.972743600906266
29.97268568997572
29.97262776126548
29.972569814755936
29.972511850427352
29.972453868259883
29.972395868233562
29.972337850328305
29.972279814523958
29.972221760800245
29.972163689136817
29.97210559951324
29.972047491909017
29.97198936630356
29.971931222676222
29.9718730610063
29.97181488127304
29.971756683455627
29.97169846753321
29.971640233484884
29.971581981289734
29.971523710926792
29.97146542237506
29.97140711561353
29.971348790621175
29.971290447376933
29.971232085859754
29.971173706048567
29.971115307922304
29.97105689145988
29.97099845664023
29.970940003442298
29.970881531845013
29.970823041827337
29.970764533368243
29.970706006446715
29.970647461041764
29.970588897132416
29.970530314697736
29.970471713716805
29.97041309416875
29.970354456032716
29.970295799287882
29.970237123913492
29.970178429888783
29.97011971719309
29.970060985805745
29.970002235706154
29.969943466873758
29.969884679288064
29.96982587292861
29.969767047775
29.969708203806896
29.969649341004
29.969590459346094
29.96953155881301
29.969472639384634
29.969413701040935
29.96935474376192
29.96929576752769
29.969236772318382
29.969177758114235
29.969118724895516
29.969059672642615
29.969000601335942
29.96894151095601
29.968882401483395
29.96882327289875
29.9687641251828
29.96870495831635
29.96864577228029
29.968586567055567
29.968527342623226
29.96846809896438
29.968408836060227
29.968349553892047
29.968290252441207
29.96823093168913
29.96817159161736
29.968112232207492
29.968052853441222
29.967993455300327
29.967934037766668
29.967874600822192
29.967815144448927
29.967755668628996
29.9676961733446
29.967636658578037
29.967577124311674
29.96751757052799
29.96745799720953
29.967398404338937
29.967338791898946
29.96727915987238
29.967219508242138
29.96715983699122
29.967100146102723
29.96704043555981
29.966980705345748
29.966920955443896
29.966861185837697
29.96680139651069
29.966741587446496
29.96668175862883
29.966621910041507
29.966562041668407
29.966502153493526
29.966442245500936
29.966382317674803
29.966322369999382
29.96626240245903
29.96620241503817
29.966142407721335
29.966082380493145
29.966022333338298
29.965962266241597
29.96590217918793
29.965842072162268
29.965781945149686
29.96572179813533
29.965661631104453
29.96560144404238
29.96554123693455
29.965481009766457
29.965420762523717
29.965360495192012
29.965300207757124
29.96523990020492
29.965179572521354
29.965119224692472
29.965058856704403
29.964998468543364
29.964938060195664
29.964877631647695
29.964817182885938
29.964756713896953
29.964696224667406
29.96463571518403
29.964575185433645
29.964514635403166
29.964454065079597
29.964393474450013
29.964332863501582
29.964272232221557
29.96421158059728
29.964150908616155
29.964090216265703
29.964029503533503
29.963968770407234
29.963908016874644
29.963847242923578
29.96378644854195
29.96372563371776
29.963664798439098
29.963603942694135
29.963543066471104
29.963482169758347
29.963421252544265
29.963360314817347
29.963299356566168
29.963238377779376
29.9631773784457
29.963116358553947
29.963055318093005
29.96299425705184
29.962933175419494
29.962872073185096
29.962810950337833
29.962749806866995
29.962688642761925
29.96262745801206
29.962566252606912
29.96250502653605
29.962443779789147
29.962382512355923
29.962321224226194
29.96225991538985
29.962198585836838
29.9621372355572
29.96207586454103
29.962014472778517
29.961953060259912
29.961891626975532
29.96183017291578
29.961768698071126
29.96170720243211
29.961645685989346
29.961584148733515
29.96152259065537
29.96146101174574
29.96139941199552
29.961337791395664
29.96127614993722
29.96121448761128
29.961152804409018
29.961091100321674
29.96103537895746
29.960974820777636
29.960914259774356
29.96085368586929
29.960793098941785
29.960732498854064
29.96067188547167
29.960611258663313
29.960550618300832
29.960489964259086
29.96042929641591
29.960368614652037
29.960307918851015
29.96024720889917
29.960186484685508
29.960125746101674
29.96006499304189
29.960004225402873
29.9599434430838
29.95988264598624
29.959821834014107
29.959761007073578
29.959700165073066
29.95963930792317
29.959578435536603
29.959517547828153
29.959456644714635
29.95939572611485
29.95933479194951
29.959273842141233
29.95921287661448
29.959151895295488
29.95909089811228
29.959029884994578
29.95896885587377
29.958907810682916
29.95884674935662
29.958785671831087
29.958724578044034
29.958663467934663
29.95860234144363
29.95854119851301
29.958480039086268
29.958418863108214
29.958357670524983
29.958296461284
29.958235235333948
29.95817399262475
29.958112733107527
29.958051456734562
29.957990163459304
29.95792885323631
29.957867526021232
29.957806181770792
29.957744820442755
29.957683441995904
29.957622046390014
29.957560633585842
29.957499203545083
29.95743775623037
29.957376291605225
29.95731480963407
29.95725331028219
29.957191793515705
29.957130259301568
29.957068707607522
29.957007138402123
29.95694555165467
29.95688394733522
29.95682232541457
29.956760685864225
29.956699028656388
29.956637353763956
29.956575661160482
29.956513950820174
29.95645222271788
29.956390476829057
29.956328713129793
29.956266931596755
29.956205132207185
29.9561433149389
29.956081479770262
29.956019626680195
29.95595775564812
29.955895866654004
29.95583395967829
29.955772034701937
29.955710091706372
29.955648130673495
29.95558615158567
29.9555241544257
29.955462139176834
29.955400105822754
29.95533805434755
29.95527598473572
29.955213896972175
29.955151791042205
29.955089666931485
29.955027524626065
29.954965364112354
29.95490318537712
29.95484098840748
29.95477877319089
29.95471653971514
29.95465428796834
29.95459201793892
29.95452972961563
29.9544674229875
29.95440509804388
29.95434275477439
29.95428039316895
29.954218013217744
29.95415561491123
29.954093198240137
29.95403076319544
29.953968309768374
29.953905837950423
29.953843347733297
29.953780839108965
29.95371831206961
29.953655766607646
29.9535932027157
29.953530620386626
29.95346801961348
29.953405400389524
29.953342762708225
29.95328010656325
29.953217431948442
29.953154738857855
29.9530920272857
29.953029297226394
29.952966548674514
29.952903781624812
29.952840996072208
29.95277819201179
29.952715369438806
29.95265252834865
29.952589668736884
29.95252679059921
29.952463893931494
29.952400978729713
29.95233804499003
29.952275092708696
29.952212121882127
29.952149132506868
29.95208612457959
29.952023098097087
29.951960053056272
29.95189698945419
29.951833907287995
29.951770806554958
29.95170768725247
29.951644549378013
29.9515813929292
29.95151821790374
29.951455024299435
29.951391812114203
29.95132858134606
29.95126533199311
29.951202064053554
29.951138777525692
29.951075472407904
29.951012148698666
29.95094880639655
29.95088544550019
29.950822066008328
29.95075866791976
29.95069525123339
29.950631815948185
29.950568362063187
29.95050488957752
29.950441398490376
29.95037788880102
29.95031436050879
29.95025081361309
29.950187248113387
29.95012366400922
29.950060061300196
29.94999643998597
29.94993280006628
29.94986914154091
29.9498054644097
29.949741768672567
29.94967805432946
29.94961432138041
29.949550569825476
29.94948679966479
29.949423010898528
29.949359203526924
29.949295377550257
29.94923153296885
29.949167669783087
29.949103787993387
29.949039887600225
29.94897596860411
29.948912031005616
29.948848074805333
29.948784100003923
29.948720106602064
29.948656094600487
29.948592063999964
29.948528014801308
29.948463947005365
29.948399860613016
29.948335755625195
29.948271632042854
29.948207489866995
29.948143329098638
29.948079149738856
29.94801495178875
29.94795073524945
29.947886500122117
29.947822246407945
29.94775797410817
29.94769368322404
29.94762937375685
29.94756504570791
29.94750069907857
29.947436333870208
29.947371950084218
29.947307547722037
29.947243126785114
29.947178687274935
29.947114229193
29.947049752540856
29.94698525732005
29.94692074353216
29.946856211178808
29.946791660261614
29.94672709078223
29.94666250274233
29.946597896143615
29.946533270987793
29.946468627276623
29.946403965011854
29.946339284195265
29.946274584828664
29.94620986691387
29.946145130452727
29.946080375447092
29.946015601898846
29.945950809809887
29.94588599918213
29.94582117001751
29.94575632231797
29.945691456085484
29.94562657132204
29.945561668029637
29.945496746210296
29.945431805866036
29.945366846998926
29.945301869611022
29.945236873704403
29.945171859281167
29.945106826343423
29.94504177489329
29.944976704932916
29.944911616464445
29.94484650949005
29.9447813840119
29.9447162400322
29.944651077553146
29.94458589657696
29.944520697105872
29.94445547914212
29.94439024268797
29.94432498774568
29.94425971431754
29.94419442240583
29.944129112012845
29.94406378314092
29.94399843579236
29.943933069969503
29.943867685674704
29.94380228291031
29.943736861678683
29.94367142198221
29.943605963823273
29.94354048720426
29.943474992127584
29.943409478595658
29.94334394661091
29.943278396175764
29.94321282729267
29.943147239964077
29.94308163419244
29.943016009980234
29.94295036732993
29.942884706244016
29.94281902672499
29.942753328775346
29.94268761239759
29.94262187759425
29.94255612436784
29.942490352720895
29.942424562655955
29.942358754175565
29.94229292728228
29.94222708197867
29.942161218267287
29.942095336150707
29.942029435631525
29.94196351671232
29.94189757939569
29.94183162368423
29.941765649580546
29.941699657087256
29.94163364620698
29.941567616942343
29.941501569295973
29.94143550327051
29.941369418868604
29.941303316092885
29.94123719494603
29.94117105543068
29.941104897549504
29.94103872130518
29.940972526700378
29.940906313737777
29.940840082420063
29.94077383274993
29.940707564730076
29.940641278363195
29.94057497365199
29.940508650599178
29.94044230920747
29.94037594947958
29.94030957141824
29.940243175026172
29.94017676030611
29.94011032726079
29.940043875892947
29.93997740620533
29.939910918200695
29.939844411881776
29.93977788725134
29.93971134431215
29.939644783066967
29.939578203518558
29.939511605669693
29.939444989523146
29.9393783550817
29.939311702348128
29.93924503132522
29.939178342015772
29.939111634422567
29.939044908548404
29.93897816439607
29.93891140196838
29.938844621268135
29.938777822298135
29.938711005061204
29.938644169560146
29.93857731579778
29.938510443776924
29.93844355350039
29.93837664497103
29.938309718191643
29.938242773165072
29.938175809894148
29.93810973319102
29.9380436370838
29.937977529109396
29.937911409149724
29.937845277105026
29.93777913287805
29.937712976374
29.937646807500514
29.93758062616758
29.93751443228748
29.937448225774737
29.937382006546088
29.93731577452037
29.93724952961854
29.937183271763573
29.937117000880445
29.937050716896046
29.936984419739197
29.936918109340542
29.936851785632527
29.936785448549372
29.936719098027005
29.936652734003044
29.93658635641672
29.93651996520888
29.936453560321922
29.936387141699775
29.93632070928784
29.93625426303298
29.93618780288345
29.936121328788907
29.93605484070035
29.93598833857009
29.935921822351716
29.935855292000078
29.935788747471243
29.935722188722465
29.93565561571217
29.935589028399924
29.93552242674638
29.9354558107133
29.935389180263478
29.935322535360747
29.935255875969958
29.935189202056915
29.935122513588396
29.93505581053212
29.934989092856696
29.934922360531637
29.934855613527326
29.934788851814986
29.934722075366665
29.93465528415522
29.934588478154293
29.934521657338298
29.934454821682397
29.934387971162472
29.93432110575514
29.934254225437694
29.934187330188113
29.934120419985028
29.93405349480775
29.93398655463617
29.93391959945084
29.933852629232888
29.93378564396403
29.93371864362655
29.933651628203314
29.933584597677697
29.933517552033628
29.933450491255545
29.933383415328393
29.93331632423761
29.933249217969106
29.93318209650928
29.93311495984497
29.933047807963472
29.932980640852495
29.93291345850021
29.93284626089516
29.93277904802633
29.932711819883075
29.93264457645514
29.93257731773264
29.932510043706078
29.932442754366285
29.932375449704452
29.932308129712112
29.93224079438113
29.932173443703682
29.932106077672273
29.932038696279704
29.93197129951908
29.9319038873838
29.931836459867547
29.931769016964274
29.931701558668216
29.931634084973858
29.931566595875957
29.931499091369513
29.931431571449775
29.931364036112228
29.931296485352583
29.931228919166784
29.931161337551007
29.931093740501616
29.93102612801522
29.930958500088597
29.930890856718754
29.930823197902875
29.930755523638346
29.930687833922725
29.93062012875376
29.930552408129365
29.93048467204764
29.930416920506833
29.930349153505375
29.930281371041843
29.930213573114962
29.93014575972363
29.930077930866865
29.930010086543852
29.929942226753894
29.929874351496444
29.929806460771076
29.92973855457751
29.92967063291558
29.929602695785235
29.92953474318655
29.929466775119714
29.929398791585044
29.929330792582945
29.929262778113937
29.929194748178652
29.92912670277781
29.929058641912235
29.928990565582858
29.928922473790685
29.928854366536825
29.92878624382248
29.928718105648915
29.92864995201751
29.928581782929705
29.928513598387035
29.928445398391094
29.928377182943564
29.9283089520462
29.92824070570083
29.928172443909343
29.928104166673698
29.928035873995928
29.92796756587812
29.927899242322418
29.927830903331056
29.927762548906284
29.92769417905044
29.927625793765912
29.92755739305513
29.927488976920593
29.92742054536483
29.92735209839044
29.927283636000062
29.92721515819638
29.927146664982118
29.92707815636006
29.927009632333018
29.926941092903853
29.926872538075457
29.92680396785078
29.926735382232792
29.926666781224498
29.926598164828956
29.926529533049244
29.92646088588848
29.926392223349808
29.926323545436418
29.926254852151516
29.92618614349834
29.926117419480157
29.926048680100273
29.925979925362004
29.925911155268704
29.92584236982374
29.92577356903052
29.925704752892468
29.92563592141302
29.92556707459565
29.92549821244385
29.92542933496112
29.925360442150996
29.92529153401702
29.925222610562773
29.925153671791833
29.92508471770779
29.925015748314273
29.92494676361492
29.924877763613377
29.924808748313307
29.924739717718396
29.924670671832327
29.924601610658815
29.92453253420157
29.924463442464337
29.92439433545084
29.924325213164842
29.924256075610117
29.924186922790422
29.924117754709556
29.9240485713713
29.92397937277947
29.923910158937865
29.923840929850314
29.92377168552065
29.92370242595269
29.923633151150284
29.923563861117284
29.92349455585754
29.923425235374914
29.923355899673275
29.92328654875649
29.923217182628434
29.923147801293
29.923078404754058
29.92300899301551
29.92293956608124
29.92287012395515
29.922800666641137
29.922731194143104
29.92266170646496
29.922592203610613
29.922522685583967
29.92245315238894
29.922383604029445
29.9223140405094
29.92224446183271
29.922174868003303
29.9221052590251
29.92203563490201
29.92196599563797
29.921896341236874
29.921826671702668
29.921756987039252
29.921687287250563
29.921617572340505
29.921547842313007
29.921478097171978
29.921408336921345
29.921338561565015
29.92126877110691
29.921198965550936
29.921129144901002
29.92105930916103
29.92098945833493
29.920919592426586
29.920849711439924
29.920779815378836
29.92070990424722
29.920639978048982
29.920570036788007
29.920500080468194
29.920430109093424
29.92036012266759
29.92029012119458
29.92022010467827
29.920150073122525
29.920080026531238
29.920009964908267
29.919939888257485
29.91986979658276
29.919799689887938
29.919729568176887
29.91965943145346
29.9195892797215
29.91951911298485
29.91944893124736
29.91937873451286
29.919308522785187
29.919238296068173
29.919168054365635
29.919097797681395
29.91902752601927
29.918957239383072
29.918886937776605
29.918816621203675
29.91874628966808
29.918675943173614
29.918605581724066
29.918535205323217
29.91846481397485
29.918394407682733
29.918323986450645
29.918253550282337
29.91818309918159
29.918112633152145
29.91804215219775
29.917971656322162
29.91790114552911
29.917830619822336
29.917760079205557
29.91768952368252
29.917618953256927
29.917548367932497
29.917477767712942
29.91740715260196
29.917336522603257
29.917265877720524
29.91719521795745
29.91712454331771
29.917053853804987
29.916983149422958
29.916912430175284
29.91684169606563
29.916770947097646
29.91670018327499
29.916629404601295
29.91655861108022
29.91648780271538
29.916416979510412
29.916346141468942
29.916275288594584
29.916204420890942
29.916133538361642
29.916062641010264
29.91599172884042
29.91592080185569
29.91584986005966
29.91577890345591
29.915707932048015
29.915636945839534
29.91556594483404
29.915494929035084
29.915423898446214
29.915352853070985
29.91528179291292
29.91521071797557
29.91513962826246
29.915068523777098
29.91499740452302
29.914926270503724
29.914855121722724
29.914783958183516
29.914712779889594
29.914641586844446
29.91457037905157
29.91449915651442
29.91442791923648
29.914356667221224
29.9142854004721
29.914214118992565
29.914142822786072
29.91407151185607
29.91400018620599
29.91392884583926
29.91385749075932
29.913786120969583
