30.0
29.999994516120395
29.99998343964606
29.999966907073496
29.999945051102866
29.999918001276317
29.999885884051885
29.999848822876857
29.999806938259383
29.999760347838404
29.99970916645189
29.99965350620348
29.99959347652752
29.99952918425256
29.99946073366334
29.999388226561315
29.9993117623237
29.999231437961168
29.999147348174123
29.999059585407675
29.998968239905277
29.998873399761102
29.998775154560484
29.998673587329424
29.998568780125836
29.998460813052827
29.99834976430735
29.998235710225533
29.998118725326933
29.997998882357734
29.99787625233293
29.997750904577483
29.99762290676653
29.997492324964607
29.99735922366396
29.997223665821938
29.997085712897487
29.996945424886793
29.996802860358063
29.99665807648549
29.996511129082407
29.996362072633637
29.996210960327097
29.996057844084643
29.99590277459217
29.995745801329015
29.995586972596637
29.99542633554664
29.99526393620811
29.99509981951432
29.99493402932877
29.994766608470652
29.994597598739663
29.99442704094026
29.994254974905324
29.99408143951927
29.993906472740594
29.993730111623897
29.993552392341375
29.993373350203807
29.99319301968104
29.993011434421984
29.992828627274132
29.99264463030262
29.992459474808832
29.99227319134856
29.992085809749728
29.99189735912972
29.99170786791225
29.991517363843876
29.99132587401009
29.99113342485105
29.99094004217691
29.990745751182814
29.990550576463512
29.99035454202764
29.990157671311653
29.98995998719344
29.989761512005593
29.98956226754838
29.9893622751024
29.989161555440944
29.988960128842052
29.988758015100288
29.988555233538246
29.988351803017757
29.988147741950854
29.987943068310468
29.987737799640865
29.987531953067833
29.987325545308643
29.987118592681753
29.986911111116296
29.986703116161326
29.986494622994872
29.986285646432744
29.986076200937152
29.985866300625112
29.98565595927665
29.985445190342812
29.985234006953497
29.985022421925084
29.98481044776788
29.984598096693407
29.984385380621497
29.98417231118723
29.98395889974771
29.983745157388658
29.98353109493088
29.98331672293655
29.98310205171537
29.982887091330568
29.98267185160475
29.98245634212563
29.982240572251612
29.982024551117238
29.981808287638504
29.981591790518067
29.98137506825031
29.98115812912629
29.980940981238575
29.98072363248596
29.980506090578082
29.980288363039893
29.980070457216073
29.979852380275304
29.979634139214454
29.979415740862667
29.979197191885337
29.97897849878801
29.97875966792018
29.978540705479002
29.9783216175129
29.978102409925114
29.977883088477146
29.977663658792128
29.977444126358108
29.97722449653127
29.977004774539054
29.976784965483223
29.97656507434285
29.97634510597723
29.97612506512873
29.975904956425563
29.975684784384505
29.975464553413538
29.975244267814436
29.97502393178529
29.97480354942298
29.97458312472556
29.97436266159462
29.974142163837577
29.97392163516991
29.973701079217342
29.973480499517976
29.973259899524372
29.973039282605583
29.972818652049142
29.97259801106299
29.97237736277737
29.972156710246676
29.97193605645125
29.97171540429914
29.971494756627827
29.971274116205887
29.97105348573464
29.970832867849733
29.970612265122718
29.97039168006256
29.97017111511712
29.969950572674634
29.969730055065085
29.969509564561623
29.969289103381897
29.969068673689378
29.968848277594645
29.968627917156642
29.968407594383898
29.968187311235727
29.967967069623402
29.967746871411286
29.967526718417954
29.96730661241727
29.967086555139463
29.96686654827215
29.96664659346135
29.96642669231247
29.96620684639128
29.96598705722484
29.965767326302423
29.965547655076417
29.96532804496319
29.965108497343955
29.964889013565596
29.96466959494149
29.964450242752296
29.96423095824673
29.964011742642334
29.963792597126204
29.96357352285571
29.963354520959214
29.963135592536748
29.962916738660688
29.962697960376413
29.962479258702942
29.96226063463356
29.962042089136425
29.961823623155173
29.961605237609486
29.961386933395676
29.961168711387224
29.960950572435326
29.96073251736943
29.960514546997736
29.960296662107716
29.96007886346659
29.95986115182182
29.959643527901562
29.95942599241514
29.959208546053485
29.958991189489566
29.958773923378825
29.95855674835958
29.958339665053447
29.958122674065724
29.957905775985775
29.957688971387423
29.957472260829295
29.957255644855202
29.95703912399448
29.956822698762334
29.956606369660175
29.956390137175944
29.956174001784433
29.95595796394759
29.955742024114834
29.955526182723343
29.955310440198346
29.955094796953404
29.954879253390686
29.95466380990125
29.95444846686528
29.954233224652373
29.954018083621772
29.95380304412261
29.953588106494152
29.95337327106604
29.953158538158505
29.952943908082588
29.95272938114037
29.952514957625176
29.952300637821786
29.95208642200663
29.951872310447992
29.9516583034062
29.951444401133816
29.95123060387581
29.95101691186975
29.95080332534598
29.950589844527773
29.950376469631514
29.95016320086686
29.949950038436892
29.949736982538273
29.949524033361403
29.949311191090565
29.949098455904068
29.94888582797439
29.948673307468308
29.948460894547047
29.948248589366393
29.94803639207684
29.9478243028237
29.94761232174723
29.94740044898275
29.94718868466077
29.946977028907078
29.94676548184288
29.946554043584896
29.946342714245453
29.94613149393261
29.945920382750245
29.945709380798156
29.945498488172163
29.945287704964187
29.94507703126236
29.944866467151105
29.944656012711217
29.94444566801996
29.94423543315114
29.944025308175192
29.943815293159265
29.943605388167285
29.943395593260043
29.943185908495256
29.942976333927657
29.942766869609045
29.94255751558837
29.942348271911793
29.94213913862275
29.941930115762016
29.941721203367774
29.94151240147567
29.94130371011887
29.941095129328126
29.940886659131824
29.940678299556044
29.94047005062462
29.940261912359176
29.940053884779196
29.939845967902063
29.939638161743108
29.93943046631567
29.939222881631125
29.939015407698943
29.93880804452673
29.938600792120273
29.93839365048358
29.938186619618925
29.937979699526885
29.93777289020638
29.937566191654707
29.937359603867595
29.937153126839227
29.93694676056227
29.936740505027934
29.936534360225977
29.93632832614476
29.936122402771275
29.93591659009117
29.93571088808879
29.935505296747195
29.935299816048204
29.935094445972414
29.934889186499234
29.934684037606907
29.934478999272542
29.93427407147214
29.93406925418061
29.93386454737182
29.933659951018583
29.93345546509272
29.933251089565054
29.93304682440545
29.932842669582836
29.93263862506521
29.932434690819676
29.932230866812468
29.932027153008953
29.931823549373668
29.93162005587033
29.931416672461857
29.931213399110387
29.931010235777297
29.93080718242322
29.93060423900806
29.930401405491008
29.930198681830568
29.92999606798456
29.929793563910145
29.92959116956384
29.92938813605183
29.929184483486633
29.928980227487042
29.928775383308274
29.928569965842023
29.928363989625126
29.928157468847992
29.92795041736285
29.927742848691793
29.927534776034612
29.927326212276483
29.927117169995434
29.92690766146965
29.926697698684606
29.92648729334004
29.92627645685672
29.926065200383103
29.925853534801803
29.925641470735904
29.925429018555146
29.92521618838194
29.925002990097248
29.924789433346337
29.924575527544366
29.924361281881875
29.92414670533011
29.92393180664625
29.923716594378497
29.92350107687103
29.92328526226888
29.923069158522647
29.922852773393135
29.92263611445585
29.922419189105426
29.92220200455991
29.921984567864964
29.921766885897974
29.92154896537204
29.921330812839884
29.92111243469767
29.920893837188718
29.920675026407146
29.92045600830141
29.920236788677776
29.92001737320369
29.91979776741109
29.91957797669962
29.919358006339785
29.919137861476003
29.918917547129627
29.91869706820185
29.918476429476573
29.918255635623193
29.918034691199324
29.917813600653453
29.917592368327533
29.917370998459525
29.91714949518586
29.916927862543858
29.916706104474084
29.916484224822646
29.916262227343445
29.91604011570036
29.915817893469395
29.91559556414077
29.91537313112095
29.915150597734648
29.914927967226753
29.914705242764246
29.914482427438042
29.914259524264796
29.91403653618868
29.913813466083084
29.913590316752327
29.913367090933278
29.913143791296967
29.912920420450146
29.912696980936825
29.912473475239754
29.912249905781884
29.912026274927793
29.911802584985065
29.911578838205642
29.911355036787164
29.91113118287424
29.910907278559723
29.910683325885927
29.91045932684584
29.91023528338429
29.91001119739909
29.909787070742162
29.909562905220618
29.90933870259783
29.909114464594467
29.908890192889515
29.908665889121263
29.90844155488827
29.908217191750314
29.907992801229305
29.907768384810197
29.907543943941853
29.907319480037913
29.907094994477625
29.906870488606664
29.906645963737933
29.906421421152338
29.906196862099545
29.905972287798733
29.905747699439306
29.90552309818161
29.90529848515762
29.905073861471607
29.90484922820081
29.904624586396068
29.904399937082456
29.90417528125988
29.903950619903704
29.903725953965296
29.903501284372627
29.903276612030822
29.90305193782269
29.902827262609264
29.90260258723032
29.902377912504875
29.902153239231687
29.901928568189728
29.901703900138664
29.901479235819302
29.901254575954052
29.90102992124735
29.90080527238609
29.900580630040047
29.900355994862274
29.900131367489507
29.899906748542545
29.899682138626634
29.899457538331838
29.89923294823339
29.89900836889205
29.89878380085446
29.898559244653452
29.8983347008084
29.89811016982554
29.89788565219826
29.897661148407423
29.897436658921663
29.897212184197667
29.896987724680468
29.896763280803718
29.896538852989956
29.89631444165087
29.896090047187563
29.895865669990798
29.895641310441246
29.895416968909718
29.895192645757415
29.89496834133614
29.894744055988525
29.894519790048257
29.89429554384028
29.894071317681007
29.89384711187853
29.893622926732792
29.893398762535817
29.89317461957187
29.89295049811765
29.892726398442466
29.892502320808426
29.892278265470587
29.892054232677136
29.891830222669554
29.891606235682765
29.8913822719453
29.891158331679446
29.890934415101395
29.890710522421386
29.890486653843848
29.89026280956754
29.890038989785673
29.88981519468607
29.889591424451257
29.88936767925862
29.889143959280503
29.888920264684348
29.888696595632794
29.888472952283802
29.888249334790764
29.888025743302606
29.887802177963902
29.887578638914967
29.887355126291965
29.887131640227008
29.88690818084825
29.886684748279976
29.886461342642708
29.886237964053272
29.88601461262491
29.885791288467342
29.885567991686873
29.88534472238645
29.88512148066576
29.884898266621295
29.884675080346437
29.884451921931525
29.884228791463933
29.884005689028132
29.88378261470577
29.88355956857572
29.883336550714173
29.883113561194676
29.882890600088214
29.882667667463252
29.882444763385813
29.88222188791952
29.88199904112567
29.88177622306327
29.8815534337891
29.881330673357773
29.881107941821778
29.880885239231525
29.880662565635408
29.880439921079844
29.88021730560932
29.87999471926644
29.879772162091967
29.879549634124878
29.879327135402388
29.879104665960003
29.878882225831564
29.878659815049275
29.87843743364375
29.878215081644047
29.877992759077706
29.877770465970787
29.8775482023479
29.877325968232245
29.87710376364564
29.87688158860856
29.876659443140156
29.876437327258305
29.87621524097963
29.875993184319523
29.875771157292185
29.87554915991065
29.87532719218682
29.87510525413147
29.8748833457543
29.874661467063945
29.874439618068006
29.874217798773078
29.87399600918476
29.873774249307697
29.873552519145584
29.873330818701202
29.87310914797644
29.872887506972305
29.87266589568895
29.872444314125694
29.87222276228104
29.8720012401527
29.8717797477376
29.87155828503192
29.87133685203109
29.871115448729814
29.8708940751221
29.87067273120126
29.870451416959934
29.87023013239011
29.870008877483123
29.869787652229693
29.869566456619925
29.86934529064332
29.869124154288805
29.868903047544734
29.868681970398907
29.868460922838576
29.86823990485047
29.868018916420795
29.867797957535256
29.867577028179063
29.867356128336947
29.867135257993162
29.86691441713151
29.866693605735346
29.86647282378758
29.866252071270697
29.86603134816677
29.865810654457466
29.865589990124043
29.86536935514738
29.865148749507973
29.864928173185955
29.864707626161092
29.864487108412796
29.864266619920137
29.864046160661854
29.863825730616348
29.863605329761704
29.8633849580757
29.863164615535798
29.862944302119168
29.86272401780269
29.862503762562962
29.862283536376296
29.86206333921874
29.861843171066074
29.861623031893824
29.86140292167726
29.861182840391415
29.86096278801107
29.860742764510775
29.860522769864854
29.86030280404741
29.860082867032325
29.859862958793265
29.859643079303694
29.859423228536873
29.85920340646586
29.858983613063522
29.858763848302544
29.858544112155418
29.858324404594462
29.858104725591815
29.857885075119448
29.857665453149163
29.857445859652604
29.857226294601247
29.857006757966424
29.856787249719304
29.856567769830917
29.856348318272147
29.856128895013732
29.855909500026282
29.855690133280266
29.855470794746022
29.855251484393765
29.855032202193584
29.854812948115445
29.854593722129195
29.85437452420457
29.85415535431119
29.853936212418564
29.853717098496094
29.853498012513082
29.853278954438725
29.853059924242118
29.85284092189226
29.852621947358056
29.852403000608323
29.85218408161178
29.85196519033707
29.851746326752732
29.851527490827237
29.85130868252897
29.85108990182624
29.85087114868727
29.850652423080213
29.850433724973154
29.850215054334097
29.84999641113098
29.84977794619051
29.849559650495582
29.849341520975052
29.84912355461755
29.848905748482327
29.848688099697558
29.848470605458694
29.848253263026866
29.84803606972733
29.847819022947924
29.8476021201376
29.84738535880496
29.847168736516835
29.846952250896912
29.84673589962437
29.846519680432568
29.846303591107752
29.8460876294878
29.845871793460997
29.845656080964826
29.84544048998481
